
Left Frontal (55)

32,37,46,54,61,68
33,38,47,55,62,69,74
27,34,39,48,56,63,70,75
28,35,40,49,57,64,71,76
29,46,41,50,8,65,72,77
23,30,42,51,59,66,78
24,43,52,60,79,89
17,44,53,80
45


Right Frontal (55)
25,18,10,1,220,210
19,11,2,221,211,202,192
20,12,3,222,212,203,193,180
13,4,223,213,204,194,181,172
5,224,214,205,195,182,173,163
6,215,206,196,183,164,154
207,197,184,155,143,130
198,185,144,131
132

Parietal (42)
84,85,86,87,100,101,129,153,162,171,179
95,96,97,98,99,110,119,128,141,152,161,170,178
105,106,107,108,109,118,127,140,151,160,169,177
116,117,126,139,150,159
